  5,     288.00,      70.00,       1.00,       0.00,    2758.53,    2758.53,     288.00,      70.00,       0.00,       0.00,     288.00,     288.00,     185.00,     288.00,    1064.44,      47.36,      58.25,       0.00
  6,     292.00,     106.00,       1.00,       0.00,    2488.20,    2488.20,     292.00,     106.00,       0.00,       0.00,     292.00,     292.00,     185.00,     292.00,    1186.15,      32.20,      77.26,       0.00
  8,     321.00,     172.00,       1.00,       0.00,    2964.43,    2964.43,     321.00,     172.00,       0.00,       0.00,     321.00,     321.00,     185.00,     321.00,     940.34,      40.00,      74.10,       0.00
  9,     326.00,      23.00,       2.00,       0.00,    2339.28,    4655.38,     326.00,      23.50,       0.00,       0.50,     326.00,     326.00,     185.00,     326.00,    1193.15,      42.23,      77.95,       0.00
 10,     328.00,      42.00,       1.00,       0.00,    2537.64,    2537.64,     328.00,      42.00,       0.00,       0.00,     328.00,     328.00,     185.00,     328.00,    1350.62,      54.04,      46.96,       0.00
 12,     342.00,       0.00,       1.00,       0.00,    2392.93,    2392.93,     342.00,       0.00,       0.00,       0.00,     342.00,     342.00,     185.00,     342.00,    1369.93,       0.00,       0.00,       0.00
 14,     355.00,      90.00,       1.00,       0.00,    2296.94,    2296.94,     355.00,      90.00,       0.00,       0.00,     355.00,     355.00,     185.00,     355.00,    1209.53,       5.00,     459.39,       0.00
 16,     384.00,     157.00,       2.00,       0.00,    2891.55,    6123.91,     384.00,     157.52,       0.00,       0.50,     384.00,     384.00,     185.00,     384.00,    1230.39,      30.96,     139.87,       0.00
 17,       3.00,      26.00,       2.00,       0.00,    2160.72,    4459.94,       3.00,      26.51,       0.00,       0.50,       3.00,       3.00,       3.00,       3.00,    1424.88,       0.00,       0.00,       0.00
 21,     215.00,      61.00,       1.00,       0.00,    3012.97,    3012.97,     215.00,      61.00,       0.00,       0.00,     215.00,     215.00,     185.00,     215.00,    1075.05,      23.78,     126.68,       0.00
 22,     253.00,      56.00,       2.00,       0.00,    5496.49,   10115.36,     253.00,      56.46,       0.00,       0.50,     253.00,     253.00,     185.00,     253.00,     951.88,      11.23,     636.92,       0.00
 25,     225.00,      84.00,       1.00,       0.00,    2809.29,    2809.29,     225.00,      84.00,       0.00,       0.00,     225.00,     225.00,     185.00,     225.00,    1018.08,      16.79,     167.32,       0.00
 27,     252.00,     133.00,       2.00,       0.00,    2365.66,    4804.04,     252.00,     133.50,       0.00,       0.50,     252.00,     252.00,     185.00,     252.00,    1350.75,      58.74,      57.83,       0.00
 28,     256.00,     170.00,       1.00,       0.00,    2775.83,    2775.83,     256.00,     170.00,       0.00,       0.00,     256.00,     256.00,     185.00,     256.00,    1200.27,      43.06,      64.46,       0.00
 29,     259.00,       2.00,       1.00,       0.00,    2916.11,    2916.11,     259.00,       2.00,       0.00,       0.00,     259.00,     259.00,     185.00,     259.00,     756.74,       0.00,       0.00,       0.00
 30,     269.00,      92.00,       2.00,       0.00,    2386.68,    4617.36,     269.00,      92.49,       0.00,       0.50,     269.00,     269.00,     185.00,     269.00,    1363.88,      46.87,      69.66,       0.00
 32,     282.00,      15.00,       1.00,       0.00,    2568.58,    2568.58,     282.00,      15.00,       0.00,       0.00,     282.00,     282.00,     185.00,     282.00,    1029.56,      55.81,      46.02,       0.00
 33,     290.00,      88.00,       1.00,       0.00,    2642.18,    2642.18,     290.00,      88.00,       0.00,       0.00,     290.00,     290.00,     185.00,     290.00,    1078.43,      26.77,      98.70,       0.00
 36,     317.00,     136.00,       1.00,       0.00,    2393.29,    2393.29,     317.00,     136.00,       0.00,       0.00,     317.00,     317.00,     185.00,     317.00,    1191.51,       1.74,    1379.41,       0.00
 37,     319.00,     154.00,       2.00,       0.00,    2049.04,    3843.32,     319.00,     154.48,       0.00,       0.50,     319.00,     319.00,     185.00,     319.00,    1495.67,      45.26,      60.05,       0.00
 42,       3.00,      26.00,       2.00,       0.00,    3622.67,    6018.01,       3.00,      26.43,       0.00,       0.49,       3.00,       3.00,       3.00,       3.00,    1238.40,       0.00,       0.00,       0.00
 43,      24.00,      21.00,       1.00,       0.00,    2706.66,    2706.66,      24.00,      21.00,       0.00,       0.00,      24.00,      24.00,      24.00,      24.00,     904.08,      20.09,     134.75,       0.00
 45,      51.00,      71.00,       1.00,       0.00,    2336.20,    2336.20,      51.00,      71.00,       0.00,       0.00,      51.00,      51.00,      51.00,      51.00,    1195.90,      15.76,     148.24,       0.00
 47,      82.00,     155.00,       1.00,       0.00,    2457.76,    2457.76,      82.00,     155.00,       0.00,       0.00,      82.00,      82.00,      82.00,      82.00,    1132.41,      25.23,      97.41,       0.00
 50,     112.00,      37.00,       1.00,       0.00,    2386.52,    2386.52,     112.00,      37.00,       0.00,       0.00,     112.00,     112.00,     112.00,     112.00,    1289.13,      21.03,     113.45,       0.00
 51,     137.00,      69.00,       2.00,       0.00,    2632.91,    5035.34,     137.00,      68.52,       0.00,       0.50,     137.00,     137.00,     137.00,     137.00,     955.04,      50.32,      70.76,       0.00
 52,     145.00,     140.00,       1.00,       0.00,    2610.45,    2610.45,     145.00,     140.00,       0.00,       0.00,     145.00,     145.00,     145.00,     145.00,     922.27,      40.10,      65.10,       0.00
 54,     239.00,     134.00,       1.00,       0.00,    2934.79,    2934.79,     239.00,     134.00,       0.00,       0.00,     239.00,     239.00,     185.00,     239.00,     641.50,      66.94,      43.84,       0.00
 55,     356.00,     178.00,       1.00,       0.00,    6411.11,    6411.11,     356.00,     178.00,       0.00,       0.00,     356.00,     356.00,     185.00,     356.00,     400.50,      42.01,     152.63,       0.00
 56,     384.00,     158.00,       1.00,       0.00,    2575.09,    2575.09,     384.00,     158.00,       0.00,       0.00,     384.00,     384.00,     185.00,     384.00,     995.57,      54.60,      47.16,       0.00
  7,     326.00,      24.00,       1.00,       0.00,    2324.08,    2324.08,     326.00,      24.00,       0.00,       0.00,     326.00,     326.00,     185.00,     326.00,    1265.24,      18.24,     127.42,       0.00
  8,     328.00,      42.00,       1.00,       0.00,    2680.89,    2680.89,     328.00,      42.00,       0.00,       0.00,     328.00,     328.00,     185.00,     328.00,     927.64,      13.82,     194.01,       0.00
 10,     336.00,     113.00,       1.00,       0.00,    2619.18,    2619.18,     336.00,     113.00,       0.00,       0.00,     336.00,     336.00,     185.00,     336.00,     904.55,      50.43,      51.93,       0.00
 12,     365.00,     181.00,       1.00,       0.00,    2306.98,    2306.98,     365.00,     181.00,       0.00,       0.00,     365.00,     365.00,     185.00,     365.00,    1196.53,      10.05,     229.66,       0.00
 15,     384.00,     158.00,       2.00,       0.00,    3400.71,    6978.41,     384.00,     157.49,       0.00,       0.50,     384.00,     384.00,     185.00,     384.00,    1092.57,      25.97,     189.97,       0.00
 16,       3.00,      26.00,       2.00,       0.00,    2665.32,    5511.82,       3.00,      26.51,       0.00,       0.50,       3.00,       3.00,       3.00,       3.00,    1476.31,       0.00,       0.00,       0.00
 17,      15.00,     134.00,       1.00,       0.00,    2678.68,    2678.68,      15.00,     134.00,       0.00,       0.00,      15.00,      15.00,      15.00,      15.00,     968.27,      13.40,     199.92,       0.00
 18,      30.00,      75.00,       1.00,       0.00,    2423.85,    2423.85,      30.00,      75.00,       0.00,       0.00,      30.00,      30.00,      30.00,      30.00,    1169.99,      57.09,      42.46,       0.00
 19,     103.00,     161.00,       2.00,       0.00,    6549.61,    8914.58,     103.00,     160.69,       0.00,       0.46,     103.00,     103.00,     103.00,     103.00,    1118.20,      92.12,      68.42,       0.00
 20,     105.00,     178.00,       1.00,       0.00,    3063.71,    3063.71,     105.00,     178.00,       0.00,       0.00,     105.00,     105.00,     105.00,     105.00,     936.39,      29.33,     104.47,       0.00
 21,     143.00,     123.00,       1.00,       0.00,    2601.97,    2601.97,     143.00,     123.00,       0.00,       0.00,     143.00,     143.00,     143.00,     143.00,    1221.09,       8.13,     319.85,       0.00
 23,     221.00,      49.00,       1.00,       0.00,    2294.55,    2294.55,     221.00,      49.00,       0.00,       0.00,     221.00,     221.00,     185.00,     221.00,    1369.70,      54.81,      41.86,       0.00
 34,     384.00,     157.00,       2.00,       0.00,    3640.07,    6847.69,     384.00,     157.48,       0.00,       0.50,     384.00,     384.00,     185.00,     384.00,    1162.26,      35.00,     138.36,       0.00
 35,       3.00,      26.00,       2.00,       0.00,    3163.88,    5360.56,       3.00,      26.43,       0.00,       0.50,       3.00,       3.00,       3.00,       3.00,    1034.99,       0.00,       0.00,       0.00
 41,     185.00,     112.00,       1.00,       0.00,    2613.86,    2613.86,     185.00,     112.00,       0.00,       0.00,     185.00,     185.00,     185.00,     185.00,    1240.57,      20.83,     125.46,       0.00
  1,     214.00,     180.00,       2.00,       0.00,    3739.21,    6984.45,     214.00,     179.52,       0.00,       0.50,     214.00,     214.00,     185.00,     214.00,    2058.04,      67.66,      72.99,       0.00
  2,     235.00,     174.00,       1.00,       0.00,    3976.51,    3976.51,     235.00,     174.00,       0.00,       0.00,     235.00,     235.00,     185.00,     235.00,    2004.15,       7.60,     523.23,       0.00
  5,     284.00,      33.00,       1.00,       0.00,    4114.50,    4114.50,     284.00,      33.00,       0.00,       0.00,     284.00,     284.00,     185.00,     284.00,    1787.24,      94.03,      43.76,       0.00
  6,     290.00,      87.00,       2.00,       0.00,    3866.24,    7663.88,     290.00,      87.50,       0.00,       0.50,     290.00,     290.00,     185.00,     290.00,    1690.57,      73.46,      73.78,       0.00
 10,     330.00,      59.00,       1.00,       0.00,    3606.03,    3606.03,     330.00,      59.00,       0.00,       0.00,     330.00,     330.00,     185.00,     330.00,    2176.48,       4.25,     848.48,       0.00
 17,       2.00,     180.00,       1.00,       0.00,    4548.25,    4548.25,       2.00,     180.00,       0.00,       0.00,       2.00,       2.00,       2.00,       2.00,    2177.51,       0.00,       0.00,       0.00
 18,       3.00,      26.00,       2.00,       0.00,    4654.72,    8872.94,       3.00,      26.48,       0.00,       0.50,       3.00,       3.00,       3.00,       3.00,    1668.88,       0.00,       0.00,       0.00
 22,     183.00,      95.00,       1.00,       0.00,    4077.79,    4077.79,     183.00,      95.00,       0.00,       0.00,     183.00,     183.00,     183.00,     183.00,    1658.33,      65.58,      62.18,       0.00
 23,     185.00,      51.00,       1.00,       0.00,    7237.58,    7237.58,     185.00,      51.00,       0.00,       0.00,     185.00,     185.00,     185.00,     185.00,    1897.11,     113.29,      63.89,       0.00
 25,     206.00,     107.00,       1.00,       0.00,    4052.56,    4052.56,     206.00,     107.00,       0.00,       0.00,     206.00,     206.00,     185.00,     206.00,    1776.05,      86.71,      46.74,       0.00
 26,     212.00,     161.00,       1.00,       0.00,    3666.57,    3666.57,     212.00,     161.00,       0.00,       0.00,     212.00,     212.00,     185.00,     212.00,    1896.98,      51.12,      71.72,       0.00
 29,     244.00,      62.00,       1.00,       0.00,    3715.39,    3715.39,     244.00,      62.00,       0.00,       0.00,     244.00,     244.00,     185.00,     244.00,    2153.65,      91.69,      40.52,       0.00
 31,     256.00,     170.00,       2.00,       0.00,    4677.83,    8130.62,     256.00,     169.55,       0.00,       0.50,     256.00,     256.00,     185.00,     256.00,    1762.27,       1.06,    5423.79,       0.00
 32,     259.00,       2.00,       1.00,       0.00,    3800.12,    3800.12,     259.00,       2.00,       0.00,       0.00,     259.00,     259.00,     185.00,     259.00,    1829.73,       0.00,       0.00,       0.00
 37,     288.00,      69.00,       2.00,       0.00,    3671.16,    6926.18,     288.00,      69.48,       0.00,       0.50,     288.00,     288.00,     185.00,     288.00,    2183.82,      36.24,     135.12,       0.00
 40,     317.00,     137.00,       1.00,       0.00,    3713.42,    3713.42,     317.00,     137.00,       0.00,       0.00,     317.00,     317.00,     185.00,     317.00,    1995.27,      41.36,      89.78,       0.00
 42,     334.00,      95.00,       1.00,       0.00,    3903.31,    3903.31,     334.00,      95.00,       0.00,       0.00,     334.00,     334.00,     185.00,     334.00,    1742.05,      48.30,      80.81,       0.00
 44,     338.00,     132.00,       1.00,       0.00,    3940.95,    3940.95,     338.00,     132.00,       0.00,       0.00,     338.00,     338.00,     185.00,     338.00,    1728.64,      66.35,      59.39,       0.00
 51,       3.00,      26.00,       2.00,       0.00,    5346.67,   10427.01,       3.00,      26.49,       0.00,       0.50,       3.00,       3.00,       3.00,       3.00,    2175.40,       0.00,       0.00,       0.00
 52,       5.00,      44.00,       1.00,       0.00,    3354.35,    3354.35,       5.00,      44.00,       0.00,       0.00,       5.00,       5.00,       5.00,       5.00,    2200.38,       8.64,     388.01,       0.00
 55,     296.00,      13.00,       1.00,       0.00,    8778.78,    8778.78,     296.00,      13.00,       0.00,       0.00,     296.00,     296.00,     185.00,     296.00,     564.35,      92.88,      94.52,       0.00
 56,     298.00,      31.00,       1.00,       0.00,   11800.09,   11800.09,     298.00,      31.00,       0.00,       0.00,     298.00,     298.00,     185.00,     298.00,     533.91,     147.53,      79.98,       0.00
 10,     307.00,      46.00,       2.00,       0.00,    3987.65,    7085.66,     307.00,      46.46,       0.00,       0.50,     307.00,     307.00,     185.00,     307.00,    2145.43,      37.53,     133.48,       0.00
 11,     313.00,     101.00,       1.00,       0.00,    3231.84,    3231.84,     313.00,     101.00,       0.00,       0.00,     313.00,     313.00,     185.00,     313.00,    2281.89,      79.28,      40.76,       0.00
 12,     315.00,     119.00,       1.00,       0.00,    3525.00,    3525.00,     315.00,     119.00,       0.00,       0.00,     315.00,     315.00,     185.00,     315.00,    2058.72,       0.19,   19054.08,       0.00
 15,     332.00,      77.00,       1.00,       0.00,    3935.25,    3935.25,     332.00,      77.00,       0.00,       0.00,     332.00,     332.00,     185.00,     332.00,    1809.98,      96.92,      40.60,       0.00
 17,     345.00,       1.00,       1.00,       0.00,    3675.24,    3675.24,     345.00,       1.00,       0.00,       0.00,     345.00,     345.00,     185.00,     345.00,    2374.18,       0.00,       0.00,       0.00
 22,     380.00,     121.00,       1.00,       0.00,    3759.70,    3759.70,     380.00,     121.00,       0.00,       0.00,     380.00,     380.00,     185.00,     380.00,    2187.53,      24.93,     150.78,       0.00
 23,     384.00,     157.00,       2.00,       0.00,    5589.93,   10181.88,     384.00,     157.47,       0.00,       0.50,     384.00,     384.00,     185.00,     384.00,    2341.33,      97.77,      73.64,       0.00
 24,       3.00,      26.00,       2.00,       0.00,    4710.32,    9952.82,       3.00,      26.52,       0.00,       0.50,       3.00,       3.00,       3.00,       3.00,    2094.31,       0.00,       0.00,       0.00
 27,     227.00,      29.00,       1.00,       0.00,    9343.69,    9343.69,     227.00,      29.00,       0.00,       0.00,     227.00,     227.00,     185.00,     227.00,    1039.91,     170.41,      54.83,       0.00
 28,     229.00,      47.00,       1.00,       0.00,   11923.20,   11923.20,     229.00,      47.00,       0.00,       0.00,     229.00,     229.00,     185.00,     229.00,     873.20,     285.99,      41.69,       0.00
 31,     235.00,     174.00,       1.00,       0.00,    4450.19,    4450.19,     235.00,     174.00,       0.00,       0.00,     235.00,     235.00,     185.00,     235.00,    1610.57,      43.70,     101.84,       0.00
 33,     254.00,     151.00,       2.00,       0.00,    3725.62,    7311.63,     254.00,     151.49,       0.00,       0.50,     254.00,     254.00,     185.00,     254.00,    1958.20,      84.28,      61.34,       0.00
 34,     273.00,     128.00,       2.00,       0.00,    3948.39,    8283.96,     273.00,     128.52,       0.00,       0.50,     273.00,     273.00,     185.00,     273.00,    1609.45,      88.49,      66.20,       0.00
 38,     307.00,      47.00,       1.00,       0.00,    3600.92,    3600.92,     307.00,      47.00,       0.00,       0.00,     307.00,     307.00,     185.00,     307.00,    2003.95,      31.77,     113.34,       0.00
 40,     328.00,      42.00,       2.00,       0.00,    3715.22,    6790.35,     328.00,      41.53,       0.00,       0.50,     328.00,     328.00,     185.00,     328.00,    2326.84,      23.61,     203.32,       0.00
 42,     357.00,     108.00,       1.00,       0.00,    3887.03,    3887.03,     357.00,     108.00,       0.00,       0.00,     357.00,     357.00,     185.00,     357.00,    1624.61,      50.66,      76.73,       0.00
 43,     368.00,      14.00,       1.00,       0.00,    3386.85,    3386.85,     368.00,      14.00,       0.00,       0.00,     368.00,     368.00,     185.00,     368.00,    2173.57,      71.63,      47.28,       0.00
 44,     370.00,      31.00,       1.00,       0.00,    3737.20,    3737.20,     370.00,      31.00,       0.00,       0.00,     370.00,     370.00,     185.00,     370.00,    2188.76,       3.80,     982.18,       0.00
 46,     384.00,     157.00,       2.00,       0.00,    5677.06,    9651.69,     384.00,     157.44,       0.00,       0.50,     384.00,     384.00,     185.00,     384.00,    2134.27,      15.00,     454.83,       0.00
 47,       3.00,      26.00,       2.00,       0.00,    5898.88,    9562.56,       3.00,      26.42,       0.00,       0.49,       3.00,       3.00,       3.00,       3.00,    1983.99,       0.00,       0.00,       0.00
 49,       9.00,      80.00,       2.00,       0.00,    3650.86,    7124.45,       9.00,      80.49,       0.00,       0.50,       9.00,       9.00,       9.00,       9.00,    1891.61,      84.72,      59.46,       0.00
 50,      43.00,       0.00,       1.00,       0.00,   12569.95,   12569.95,      43.00,       0.00,       0.00,       0.00,      43.00,      43.00,      43.00,      43.00,    1583.35,       0.00,       0.00,       0.00
 51,      45.00,      17.00,       2.00,       0.00,    6588.89,   18058.26,      45.00,      17.61,       0.00,       0.49,      45.00,      45.00,      45.00,      45.00,    1879.53,     158.78,      80.42,       0.00
  1,      51.00,       3.00,       2.00,       0.00,    8756.53,   11566.37,      51.00,       2.73,       0.00,       0.44,      51.00,      51.00,      51.00,      51.00,     691.43,       0.00,       0.00,       0.00
  2,      53.00,      20.00,       2.00,       0.00,    8602.19,   21927.47,      53.00,      20.60,       0.00,       0.49,      53.00,      53.00,      53.00,      53.00,     972.72,      17.93,     864.85,       0.00
  3,      55.00,      38.00,       2.00,       0.00,    8449.06,   16758.58,      55.00,      38.50,       0.00,       0.50,      55.00,      55.00,      55.00,      55.00,    1098.96,     134.03,      88.41,       0.00
  4,      57.00,      56.00,       1.00,       0.00,    4357.98,    4357.98,      57.00,      56.00,       0.00,       0.00,      57.00,      57.00,      57.00,      57.00,     925.19,       1.01,    4302.06,       0.00
  8,     233.00,     156.00,       2.00,       0.00,    2549.43,    4915.59,     233.00,     156.49,       0.00,       0.50,     233.00,     233.00,     185.00,     233.00,    1157.39,      29.91,     116.23,       0.00
 11,     376.00,      85.00,       1.00,       0.00,    2188.79,    2188.79,     376.00,      85.00,       0.00,       0.00,     376.00,     376.00,     185.00,     376.00,    1560.94,      12.45,     175.81,       0.00
 12,     384.00,     157.00,       2.00,       0.00,    3353.05,    7193.91,     384.00,     157.53,       0.00,       0.50,     384.00,     384.00,     185.00,     384.00,     970.89,      17.54,     290.02,       0.00
 13,       3.00,      26.00,       2.00,       0.00,    2814.72,    5945.94,       3.00,      26.52,       0.00,       0.50,       3.00,       3.00,       3.00,       3.00,    1142.88,       0.00,       0.00,       0.00
 15,      47.00,      34.00,       2.00,       0.00,    2583.24,    4903.28,      47.00,      34.48,       0.00,       0.50,      47.00,      47.00,      47.00,      47.00,    1144.63,      19.55,     177.35,       0.00
 16,      61.00,      51.00,       1.00,       0.00,   13384.72,   13384.72,      61.00,      51.00,       0.00,       0.00,      61.00,      61.00,      61.00,      61.00,    1335.68,     163.21,      82.01,       0.00
 17,      63.00,      69.00,       1.00,       0.00,   13688.93,   13688.93,      63.00,      69.00,       0.00,       0.00,      63.00,      63.00,      63.00,      63.00,    1010.07,       9.79,    1397.54,       0.00
 18,      65.00,      86.00,       2.00,       0.00,    3628.34,   17493.56,      65.00,      86.77,       0.00,       0.42,      65.00,      65.00,      65.00,      65.00,     804.89,      67.81,     182.43,       0.00
 19,      67.00,     105.00,       1.00,       0.00,    9183.53,    9183.53,      67.00,     105.00,       0.00,       0.00,      67.00,      67.00,      67.00,      67.00,     937.37,      19.70,     466.12,       0.00
 20,      75.00,      95.00,       1.00,       0.00,    3050.45,    3050.45,      75.00,      95.00,       0.00,       0.00,      75.00,      75.00,      75.00,      75.00,    1031.39,      70.65,      43.17,       0.00
 21,      78.00,     120.00,       2.00,       0.00,    2332.16,    4338.03,      78.00,     119.52,       0.00,       0.50,      78.00,      78.00,      78.00,      78.00,    1370.43,      26.54,     115.56,       0.00
 23,      93.00,      61.00,       2.00,       0.00,    5848.68,    7842.18,      93.00,      60.69,       0.00,       0.46,      93.00,      93.00,      93.00,      93.00,    1283.01,      16.04,     345.71,       0.00
 25,     108.00,       2.00,       1.00,       0.00,    2214.41,    2214.41,     108.00,       2.00,       0.00,       0.00,     108.00,     108.00,     108.00,     108.00,    1499.88,       0.00,       0.00,       0.00
 26,     110.00,      20.00,       1.00,       0.00,    2326.97,    2326.97,     110.00,      20.00,       0.00,       0.00,     110.00,     110.00,     110.00,     110.00,    1373.46,      34.71,      67.04,       0.00
 29,     154.00,     103.00,       2.00,       0.00,    6105.75,    8549.26,     154.00,     102.68,       0.00,       0.47,     154.00,     154.00,     154.00,     154.00,     883.16,      10.77,     561.51,       0.00
 30,     156.00,     120.00,       1.00,       0.00,    4243.70,    4243.70,     156.00,     120.00,       0.00,       0.00,     156.00,     156.00,     156.00,     156.00,     627.56,      39.50,     107.45,       0.00
 32,     193.00,     184.00,       1.00,       0.00,    2411.90,    2411.90,     193.00,     184.00,       0.00,       0.00,     193.00,     193.00,     185.00,     193.00,    1418.89,       0.00,       0.00,       0.00
 33,     235.00,     175.00,       1.00,       0.00,    2839.41,    2839.41,     235.00,     175.00,       0.00,       0.00,     235.00,     235.00,     185.00,     235.00,     956.86,      38.14,      74.44,       0.00
 42,     307.00,      46.00,       2.00,       0.00,    2948.92,    5145.06,     307.00,      46.45,       0.00,       0.50,     307.00,     307.00,     185.00,     307.00,    1058.26,      19.90,     182.77,       0.00
 43,     328.00,      42.00,       1.00,       0.00,    2808.01,    2808.01,     328.00,      42.00,       0.00,       0.00,     328.00,     328.00,     185.00,     328.00,    1176.12,      43.07,      65.20,       0.00
 45,     329.00,      28.00,       2.00,       0.00,    8263.18,   12158.08,     329.00,      27.65,       0.00,       0.48,     329.00,     329.00,     185.00,     329.00,     995.45,     134.82,      63.77,       0.00
 47,     384.00,     157.00,       2.00,       0.00,    3522.78,    6906.73,     384.00,     157.49,       0.00,       0.50,     384.00,     384.00,     185.00,     384.00,    1096.14,      38.86,     125.69,       0.00
 48,       0.00,      58.00,       3.00,       0.00,    3232.48,   23943.47,       0.00,      59.16,       0.00,       0.68,       0.00,       0.00,       0.00,       0.00,    1407.74,       0.00,       0.00,       0.00
 49,       3.00,      26.00,       2.00,       0.00,    3293.67,    6444.01,       3.00,      26.49,       0.00,       0.50,       3.00,       3.00,       3.00,       3.00,    1281.40,       0.00,       0.00,       0.00
 52,     105.00,     169.00,       2.00,       0.00,    6547.24,   10566.99,     105.00,     169.40,       0.00,       0.49,     105.00,     105.00,     105.00,     105.00,    1144.70,     130.21,      57.38,       0.00
 53,     108.00,       2.00,       2.00,       0.00,    2953.79,    5248.00,     108.00,       1.55,       0.00,       0.50,     108.00,     108.00,     108.00,     108.00,     936.17,       0.00,       0.00,       0.00
 54,     116.00,      35.00,       1.00,       0.00,    7858.40,    7858.40,     116.00,      35.00,       0.00,       0.00,     116.00,     116.00,     116.00,     116.00,    1073.21,     131.48,      59.77,       0.00
 57,     189.00,      36.00,       1.00,       0.00,    5101.60,    5101.60,     189.00,      36.00,       0.00,       0.00,     189.00,     189.00,     185.00,     189.00,     581.50,      19.09,     267.21,       0.00
 58,     191.00,      54.00,       1.00,       0.00,    7748.93,    7748.93,     191.00,      54.00,       0.00,       0.00,     191.00,     191.00,     185.00,     191.00,     644.57,      97.97,      79.10,       0.00
 61,     294.00,     123.00,       1.00,       0.00,   11561.53,   11561.53,     294.00,     123.00,       0.00,       0.00,     294.00,     294.00,     185.00,     294.00,     813.87,      72.86,     158.68,       0.00
 62,     299.00,     130.00,       1.00,       0.00,    3104.16,    3104.16,     299.00,     130.00,       0.00,       0.00,     299.00,     299.00,     185.00,     299.00,     828.74,      55.87,      55.56,       0.00
 63,     358.00,      26.00,       1.00,       0.00,    2773.28,    2773.28,     358.00,      26.00,       0.00,       0.00,     358.00,     358.00,     185.00,     358.00,    1067.52,      58.10,      47.74,       0.00
  5,      65.00,       5.00,       2.00,       0.00,    3714.31,    9344.19,      65.00,       4.41,       0.00,       0.49,      65.00,      65.00,      65.00,      65.00,     600.34,       9.92,     665.90,       0.00
  6,      67.00,      22.00,       1.00,       0.00,    3605.24,    3605.24,      67.00,      22.00,       0.00,       0.00,      67.00,      67.00,      67.00,      67.00,     925.76,      28.53,     126.37,       0.00
 13,     340.00,     149.00,       1.00,       0.00,    2743.59,    2743.59,     340.00,     149.00,       0.00,       0.00,     340.00,     340.00,     185.00,     340.00,    1121.34,      46.84,      58.57,       0.00
 17,     380.00,     115.00,       1.00,       0.00,   11342.51,   11342.51,     380.00,     115.00,       0.00,       0.00,     380.00,     380.00,     185.00,     380.00,    1304.19,     210.94,      53.77,       0.00
 20,     382.00,     133.00,       2.00,       0.00,    8001.87,   13097.35,     382.00,     132.60,       0.00,       0.49,     382.00,     382.00,     185.00,     382.00,    1093.84,      71.18,     130.11,       0.00
 23,     387.00,      32.00,       1.00,       0.00,    5681.00,    5681.00,     387.00,      32.00,       0.00,       0.00,     387.00,     387.00,     185.00,     387.00,    1229.12,       0.00,       0.00,       0.00
 24,       3.00,      26.00,       2.00,       0.00,    2566.32,    5768.82,       3.00,      26.54,       0.00,       0.50,       3.00,       3.00,       3.00,       3.00,    1562.31,       0.00,       0.00,       0.00
 25,      42.00,     184.00,       1.00,       0.00,    3139.50,    3139.50,      42.00,     184.00,       0.00,       0.00,      42.00,      42.00,      42.00,      42.00,    1057.82,       0.00,       0.00,       0.00
 26,      55.00,       3.00,       1.00,       0.00,    2589.59,    2589.59,      55.00,       3.00,       0.00,       0.00,      55.00,      55.00,      55.00,      55.00,    1152.89,       0.00,       0.00,       0.00
 30,     349.00,      91.00,       1.00,       0.00,    3564.02,    3564.02,     349.00,      91.00,       0.00,       0.00,     349.00,     349.00,     185.00,     349.00,    1099.75,      64.16,      55.55,       0.00
 32,     351.00,     109.00,       3.00,       0.00,   13085.17,   27069.23,     351.00,     109.08,       0.00,       0.73,     351.00,     351.00,     185.00,     351.00,    1162.03,     102.49,     152.49,       0.00
 41,     245.00,      15.00,       2.00,       0.00,    3320.11,    6828.17,     245.00,      14.49,       0.00,       0.50,     245.00,     245.00,     185.00,     245.00,     718.42,       1.24,    3901.61,       0.00
 42,     247.00,      33.00,       1.00,       0.00,    2797.02,    2797.02,     247.00,      33.00,       0.00,       0.00,     247.00,     247.00,     185.00,     247.00,    1056.26,      65.47,      42.72,       0.00
 44,     262.00,      55.00,       2.00,       0.00,    4016.86,    6487.44,     262.00,      55.41,       0.00,       0.49,     262.00,     262.00,     185.00,     262.00,     949.37,      32.60,     140.70,       0.00
 45,     264.00,      73.00,       3.00,       0.00,   12525.33,   27422.52,     264.00,      73.68,       0.00,       0.67,     264.00,     264.00,     185.00,     264.00,    1466.37,     201.01,      78.76,       0.00
 47,     266.00,      91.00,       3.00,       0.00,   13292.21,   30029.86,     266.00,      91.27,       0.00,       0.70,     266.00,     266.00,     185.00,     266.00,     918.39,     190.30,      91.11,       0.00
 54,       3.00,      26.00,       2.00,       0.00,    3473.88,    6110.56,       3.00,      26.45,       0.00,       0.50,       3.00,       3.00,       3.00,       3.00,    1246.99,       0.00,       0.00,       0.00
 56,      16.00,      46.00,       3.00,       0.00,   12910.33,   17924.72,      16.00,      45.97,       0.00,       0.58,      16.00,      16.00,      16.00,      16.00,    1098.27,       5.23,    1978.75,       0.00
 58,      18.00,      64.00,       2.00,       0.00,    3833.90,    8121.51,      18.00,      63.48,       0.00,       0.50,      18.00,      18.00,      18.00,      18.00,    1206.35,      19.76,     290.63,       0.00
 60,      42.00,      41.00,       1.00,       0.00,    2649.09,    2649.09,      42.00,      41.00,       0.00,       0.00,      42.00,      42.00,      42.00,      42.00,    1166.95,      26.29,     100.78,       0.00
 64,     128.00,     181.00,       1.00,       0.00,    2737.79,    2737.79,     128.00,     181.00,       0.00,       0.00,     128.00,     128.00,     128.00,     128.00,    1148.23,      68.34,      40.06,       0.00
 65,     234.00,      84.00,       2.00,       0.00,   13092.20,   19176.75,     234.00,      84.34,       0.00,       0.47,     234.00,     234.00,     185.00,     234.00,    1143.90,     196.35,      69.06,       0.00
  2,     259.00,       2.00,       2.00,       0.00,    2698.53,    5120.84,     259.00,       2.48,       0.00,       0.50,     259.00,     259.00,     185.00,     259.00,    1166.78,       0.00,       0.00,       0.00
  8,     326.00,      24.00,       2.00,       0.00,    2780.08,    4924.34,     326.00,      23.54,       0.00,       0.50,     326.00,     326.00,     185.00,     326.00,    1437.17,      20.74,     167.89,       0.00
  9,     328.00,      41.00,       1.00,       0.00,    2372.89,    2372.89,     328.00,      41.00,       0.00,       0.00,     328.00,     328.00,     185.00,     328.00,    1480.33,      33.23,      71.41,       0.00
 12,     363.00,     162.00,       2.00,       0.00,    2952.68,    5121.55,     363.00,     162.45,       0.00,       0.50,     363.00,     363.00,     185.00,     363.00,    1559.57,      24.22,     149.52,       0.00
 14,     370.00,      32.00,       1.00,       0.00,    2847.53,    2847.53,     370.00,      32.00,       0.00,       0.00,     370.00,     370.00,     185.00,     370.00,    1085.07,      57.20,      49.78,       0.00
 17,     382.00,     140.00,       2.00,       0.00,    2556.32,    5056.16,     382.00,     139.50,       0.00,       0.50,     382.00,     382.00,     185.00,     382.00,    1346.58,       0.63,    5674.99,       0.00
 19,     384.00,     158.00,       2.00,       0.00,    3255.70,    6999.59,     384.00,     157.48,       0.00,       0.50,     384.00,     384.00,     185.00,     384.00,    1427.05,      65.80,      75.22,       0.00
 20,       3.00,      26.00,       2.00,       0.00,    3077.72,    6533.94,       3.00,      26.52,       0.00,       0.50,       3.00,       3.00,       3.00,       3.00,    1282.88,       0.00,       0.00,       0.00
 21,       5.00,      44.00,       2.00,       0.00,    2373.91,    4703.07,       5.00,      44.50,       0.00,       0.50,       5.00,       5.00,       5.00,       5.00,    1536.27,       5.56,     598.12,       0.00
 22,      30.00,      76.00,       1.00,       0.00,    2572.84,    2572.84,      30.00,      76.00,       0.00,       0.00,      30.00,      30.00,      30.00,      30.00,    1266.24,      33.18,      77.53,       0.00
 23,     114.00,      55.00,       1.00,       0.00,    2687.11,    2687.11,     114.00,      55.00,       0.00,       0.00,     114.00,     114.00,     114.00,     114.00,    1395.41,      20.17,     133.22,       0.00
 24,     128.00,     182.00,       1.00,       0.00,    2886.93,    2886.93,     128.00,     182.00,       0.00,       0.00,     128.00,     128.00,     128.00,     128.00,    1131.52,       5.60,     515.52,       0.00
 26,     162.00,     100.00,       1.00,       0.00,    3080.19,    3080.19,     162.00,     100.00,       0.00,       0.00,     162.00,     162.00,     162.00,     162.00,    1079.07,      22.69,     135.75,       0.00
 27,     219.00,      31.00,       1.00,       0.00,    3011.48,    3011.48,     219.00,      31.00,       0.00,       0.00,     219.00,     219.00,     185.00,     219.00,    1123.62,       0.56,    5330.04,       0.00
 29,     231.00,     139.00,       1.00,       0.00,    2729.39,    2729.39,     231.00,     139.00,       0.00,       0.00,     231.00,     231.00,     185.00,     231.00,    1241.39,      38.50,      70.89,       0.00
 30,     233.00,     157.00,       2.00,       0.00,    2673.74,    4813.31,     233.00,     156.54,       0.00,       0.50,     233.00,     233.00,     185.00,     233.00,    1226.56,      48.30,      70.47,       0.00
 32,     248.00,      98.00,       2.00,       0.00,    2717.32,    5282.35,     248.00,      97.51,       0.00,       0.50,     248.00,     248.00,     185.00,     248.00,    1131.89,      16.59,     225.15,       0.00
 34,     259.00,       2.00,       1.00,       0.00,    2839.12,    2839.12,     259.00,       2.00,       0.00,       0.00,     259.00,     259.00,     185.00,     259.00,    1142.73,       0.00,       0.00,       0.00
 36,     273.00,     128.00,       2.00,       0.00,    2399.10,    4445.76,     273.00,     128.48,       0.00,       0.50,     273.00,     273.00,     185.00,     273.00,    1419.18,      30.48,     103.14,       0.00
 37,     286.00,      52.00,       2.00,       0.00,    2905.95,    5190.41,     286.00,      51.54,       0.00,       0.50,     286.00,     286.00,     185.00,     286.00,    1268.21,      67.27,      54.56,       0.00
 39,     298.00,     159.00,       2.00,       0.00,    2470.15,    4602.62,     298.00,     159.48,       0.00,       0.50,     298.00,     298.00,     185.00,     298.00,    1365.89,      25.31,     128.59,       0.00
 43,     328.00,      41.00,       2.00,       0.00,    2930.40,    5184.21,     328.00,      41.46,       0.00,       0.50,     328.00,     328.00,     185.00,     328.00,    1285.33,      61.69,      59.43,       0.00
 44,     365.00,     180.00,       1.00,       0.00,    3242.24,    3242.24,     365.00,     180.00,       0.00,       0.00,     365.00,     365.00,     185.00,     365.00,    1296.01,      45.73,      70.91,       0.00
 48,     372.00,      49.00,       2.00,       0.00,    2408.51,    4316.33,     372.00,      49.47,       0.00,       0.50,     372.00,     372.00,     185.00,     372.00,    1452.51,      15.99,     190.88,       0.00
 49,     378.00,     104.00,       2.00,       0.00,    2887.47,    5174.00,     378.00,     103.54,       0.00,       0.50,     378.00,     378.00,     185.00,     378.00,    1145.44,      19.52,     187.43,       0.00
 51,     384.00,     157.00,       2.00,       0.00,    3035.78,    5861.73,     384.00,     157.49,       0.00,       0.50,     384.00,     384.00,     185.00,     384.00,    1392.14,      36.86,     112.46,       0.00
 52,       3.00,      26.00,       2.00,       0.00,    4600.67,    9212.01,       3.00,      26.50,       0.00,       0.50,       3.00,       3.00,       3.00,       3.00,    1050.40,       0.00,       0.00,       0.00
 53,       5.00,      45.00,       2.00,       0.00,    2740.09,    4950.56,       5.00,      44.53,       0.00,       0.50,       5.00,       5.00,       5.00,       5.00,    1442.25,      58.07,      60.28,       0.00
 65,     369.00,      67.00,       1.00,       0.00,    5700.99,    5700.99,     369.00,      67.00,       0.00,       0.00,     369.00,     369.00,     185.00,     369.00,     233.14,      12.14,     469.45,       0.00
  2,     248.00,      97.00,       2.00,       0.00,    3034.53,    5147.35,     248.00,      97.44,       0.00,       0.50,     248.00,     248.00,     185.00,     248.00,    1309.12,       1.44,    2527.59,       0.00
  4,     273.00,     129.00,       1.00,       0.00,    2538.78,    2538.78,     273.00,     129.00,       0.00,       0.00,     273.00,     273.00,     185.00,     273.00,    1572.55,      34.25,      74.11,       0.00
  5,     277.00,     165.00,       1.00,       0.00,    2743.21,    2743.21,     277.00,     165.00,       0.00,       0.00,     277.00,     277.00,     185.00,     277.00,    1170.80,      10.29,     266.59,       0.00
 15,     353.00,      73.00,       1.00,       0.00,    2449.66,    2449.66,     353.00,      73.00,       0.00,       0.00,     353.00,     353.00,     185.00,     353.00,    1410.12,      33.15,      73.88,       0.00
 17,     380.00,     121.00,       2.00,       0.00,    2851.20,    5076.41,     380.00,     121.46,       0.00,       0.50,     380.00,     380.00,     185.00,     380.00,    1270.03,      22.56,     159.08,       0.00
 20,     384.00,     157.00,       2.00,       0.00,    3914.43,    6538.88,     384.00,     157.43,       0.00,       0.50,     384.00,     384.00,     185.00,     384.00,    1434.83,      27.73,     166.74,       0.00
 21,       3.00,      26.00,       2.00,       0.00,    3501.32,    7372.82,       3.00,      26.52,       0.00,       0.50,       3.00,       3.00,       3.00,       3.00,    1270.31,       0.00,       0.00,       0.00
 28,     108.00,       1.00,       1.00,       0.00,    2807.94,    2807.94,     108.00,       1.00,       0.00,       0.00,     108.00,     108.00,     108.00,     108.00,    1056.45,       0.00,       0.00,       0.00
 36,     275.00,     147.00,       1.00,       0.00,    2585.27,    2585.27,     275.00,     147.00,       0.00,       0.00,     275.00,     275.00,     185.00,     275.00,    1316.85,       5.20,     497.17,       0.00
 40,     288.00,      69.00,       1.00,       0.00,    2803.12,    2803.12,     288.00,      69.00,       0.00,       0.00,     288.00,     288.00,     185.00,     288.00,    1243.35,      40.68,      68.90,       0.00
 41,     294.00,     124.00,       2.00,       0.00,    2511.88,    4725.56,     294.00,     123.52,       0.00,       0.50,     294.00,     294.00,     185.00,     294.00,    1364.26,      31.70,     105.39,       0.00
 46,     311.00,      83.00,       1.00,       0.00,    3033.85,    3033.85,     311.00,      83.00,       0.00,       0.00,     311.00,     311.00,     185.00,     311.00,     959.26,       3.12,     973.64,       0.00
 47,     315.00,     119.00,       2.00,       0.00,    2738.39,    4741.36,     315.00,     118.55,       0.00,       0.50,     315.00,     315.00,     185.00,     315.00,    1330.92,      20.40,     164.35,       0.00
 49,     321.00,     173.00,       1.00,       0.00,    2825.94,    2825.94,     321.00,     173.00,       0.00,       0.00,     321.00,     321.00,     185.00,     321.00,    1251.94,      28.78,      98.19,       0.00
 50,     326.00,      24.00,       2.00,       0.00,    3401.53,    5599.20,     326.00,      23.57,       0.00,       0.49,     326.00,     326.00,     185.00,     326.00,    1286.62,      36.13,     109.58,       0.00
 51,     336.00,     113.00,       1.00,       0.00,    2953.26,    2953.26,     336.00,     113.00,       0.00,       0.00,     336.00,     336.00,     185.00,     336.00,    1306.70,      22.97,     128.54,       0.00
 56,     384.00,     157.00,       2.00,       0.00,    4115.07,    8294.69,     384.00,     157.50,       0.00,       0.50,     384.00,     384.00,     185.00,     384.00,    1025.26,       3.01,    1951.82,       0.00
 57,       3.00,      26.00,       2.00,       0.00,    3132.88,    6250.56,       3.00,      26.50,       0.00,       0.50,       3.00,       3.00,       3.00,       3.00,    1603.99,       0.00,       0.00,       0.00
 59,       9.00,      80.00,       1.00,       0.00,    2616.86,    2616.86,       9.00,      80.00,       0.00,       0.00,       9.00,       9.00,       9.00,       9.00,    1260.61,       2.28,    1147.75,       0.00
 60,      19.00,     170.00,       1.00,       0.00,    2532.06,    2532.06,      19.00,     170.00,       0.00,       0.00,      19.00,      19.00,      19.00,      19.00,    1463.45,      14.13,     179.20,       0.00
 68,     193.00,     184.00,       1.00,       0.00,    2727.75,    2727.75,     193.00,     184.00,       0.00,       0.00,     193.00,     193.00,     185.00,     193.00,    1142.66,       0.00,       0.00,       0.00
 70,     384.00,      99.00,       1.00,       0.00,    5786.20,    5786.20,     384.00,      99.00,       0.00,       0.00,     384.00,     384.00,     185.00,     384.00,     571.93,     132.75,      43.59,       0.00
  1,     219.00,      31.00,       1.00,       0.00,    3329.70,    3329.70,     219.00,      31.00,       0.00,       0.00,     219.00,     219.00,     185.00,     219.00,    1739.98,      71.61,      46.50,       0.00
  2,     242.00,      43.00,       1.00,       0.00,    3411.12,    3411.12,     242.00,      43.00,       0.00,       0.00,     242.00,     242.00,     185.00,     242.00,    1814.01,      13.32,     256.09,       0.00
  3,     269.00,      92.00,       2.00,       0.00,    3503.34,    6557.07,     269.00,      92.48,       0.00,       0.50,     269.00,     269.00,     185.00,     269.00,    1976.63,      15.62,     296.74,       0.00
  5,     275.00,     146.00,       1.00,       0.00,    3555.98,    3555.98,     275.00,     146.00,       0.00,       0.00,     275.00,     275.00,     185.00,     275.00,    1827.16,      37.65,      94.44,       0.00
  6,     277.00,     165.00,       1.00,       0.00,    3699.71,    3699.71,     277.00,     165.00,       0.00,       0.00,     277.00,     277.00,     185.00,     277.00,    1708.61,      84.83,      43.62,       0.00
 15,     384.00,     157.00,       2.00,       0.00,    4202.55,    8484.91,     384.00,     157.50,       0.00,       0.50,     384.00,     384.00,     185.00,     384.00,    2024.39,      72.96,      82.23,       0.00
 16,       3.00,      26.00,       2.00,       0.00,    3749.72,    7107.94,       3.00,      26.48,       0.00,       0.50,       3.00,       3.00,       3.00,       3.00,    2170.88,       0.00,       0.00,       0.00
 22,     384.00,     158.00,       2.00,       0.00,    4020.23,    7923.63,     384.00,     157.51,       0.00,       0.50,     384.00,     384.00,     185.00,     384.00,    1197.49,      75.89,      73.83,       0.00
 23,     198.00,      35.00,       1.00,       0.00,    3295.42,    3295.42,     198.00,      35.00,       0.00,       0.00,     198.00,     198.00,     185.00,     198.00,    1781.97,      67.37,      48.92,       0.00
 27,     256.00,     170.00,       2.00,       0.00,    3820.33,    7568.62,     256.00,     169.50,       0.00,       0.50,     256.00,     256.00,     185.00,     256.00,    1643.77,      54.56,      98.09,       0.00
 28,     259.00,       2.00,       1.00,       0.00,    3231.12,    3231.12,     259.00,       2.00,       0.00,       0.00,     259.00,     259.00,     185.00,     259.00,    1881.73,       0.00,       0.00,       0.00
 30,     267.00,      74.00,       2.00,       0.00,    3319.58,    6717.72,     267.00,      74.50,       0.00,       0.50,     267.00,     267.00,     185.00,     267.00,    1905.77,      49.93,      95.14,       0.00
 31,     271.00,     110.00,       1.00,       0.00,    3514.28,    3514.28,     271.00,     110.00,       0.00,       0.00,     271.00,     271.00,     185.00,     271.00,    1932.54,      20.12,     174.71,       0.00
 32,     277.00,     164.00,       2.00,       0.00,    3374.00,    6699.36,     277.00,     164.50,       0.00,       0.50,     277.00,     277.00,     185.00,     277.00,    1677.47,      10.80,     438.83,       0.00
 46,     332.00,      77.00,       1.00,       0.00,    3301.18,    3301.18,     332.00,      77.00,       0.00,       0.00,     332.00,     332.00,     185.00,     332.00,    1797.38,      45.07,      73.24,       0.00
 51,     347.00,      19.00,       1.00,       0.00,    3187.87,    3187.87,     347.00,      19.00,       0.00,       0.00,     347.00,     347.00,     185.00,     347.00,    1907.70,      46.22,      68.97,       0.00
 55,     380.00,     122.00,       1.00,       0.00,    3250.16,    3250.16,     380.00,     122.00,       0.00,       0.00,     380.00,     380.00,     185.00,     380.00,    1902.49,      60.76,      53.49,       0.00
 59,       3.00,      26.00,       2.00,       0.00,    4252.67,    8547.01,       3.00,      26.50,       0.00,       0.50,       3.00,       3.00,       3.00,       3.00,    1841.40,       0.00,       0.00,       0.00
 60,       9.00,      81.00,       1.00,       0.00,    3392.78,    3392.78,       9.00,      81.00,       0.00,       0.00,       9.00,       9.00,       9.00,       9.00,    1676.28,      69.53,      48.80,       0.00
 63,      49.00,      52.00,       1.00,       0.00,    3434.46,    3434.46,      49.00,      52.00,       0.00,       0.00,      49.00,      49.00,      49.00,      49.00,    1693.64,      51.74,      66.39,       0.00
 66,     384.00,     157.00,       2.00,       0.00,    3833.41,    7299.16,     384.00,     157.48,       0.00,       0.50,     384.00,     384.00,     185.00,     384.00,    1345.90,      70.79,      72.90,       0.00
  2,     223.00,      67.00,       1.00,       0.00,    3824.12,    3824.12,     223.00,      67.00,       0.00,       0.00,     223.00,     223.00,     185.00,     223.00,    1628.57,      51.93,      73.63,       0.00
  3,     227.00,     103.00,       1.00,       0.00,    3646.09,    3646.09,     227.00,     103.00,       0.00,       0.00,     227.00,     227.00,     185.00,     227.00,    1585.32,      57.36,      63.57,       0.00
  6,     263.00,      39.00,       2.00,       0.00,    3255.27,    6187.70,     263.00,      38.52,       0.00,       0.50,     263.00,     263.00,     185.00,     263.00,    1896.44,      11.66,     375.41,       0.00
  8,     315.00,     118.00,       1.00,       0.00,    3484.84,    3484.84,     315.00,     118.00,       0.00,       0.00,     315.00,     315.00,     185.00,     315.00,    1810.17,      68.08,      51.19,       0.00
  9,     317.00,     137.00,       1.00,       0.00,    3171.51,    3171.51,     317.00,     137.00,       0.00,       0.00,     317.00,     317.00,     185.00,     317.00,    1943.18,      65.00,      48.79,       0.00
 12,     342.00,     167.00,       1.00,       0.00,    3266.01,    3266.01,     342.00,     167.00,       0.00,       0.00,     342.00,     342.00,     185.00,     342.00,    1978.62,      54.05,      60.43,       0.00
 13,     347.00,      19.00,       1.00,       0.00,    3353.66,    3353.66,     347.00,      19.00,       0.00,       0.00,     347.00,     347.00,     185.00,     347.00,    1693.72,      80.87,      41.47,       0.00
 14,     357.00,     109.00,       2.00,       0.00,    3772.12,    6918.79,     357.00,     108.53,       0.00,       0.50,     357.00,     357.00,     185.00,     357.00,    1652.46,      56.63,      86.39,       0.00
 16,     370.00,      32.00,       1.00,       0.00,    3086.58,    3086.58,     370.00,      32.00,       0.00,       0.00,     370.00,     370.00,     185.00,     370.00,    1992.53,      35.23,      87.60,       0.00
 19,     384.00,     158.00,       2.00,       0.00,    4998.22,   10458.41,     384.00,     157.48,       0.00,       0.50,     384.00,     384.00,     185.00,     384.00,    1652.07,      63.48,     116.51,       0.00
 20,       3.00,      26.00,       2.00,       0.00,    4546.32,    8693.82,       3.00,      26.48,       0.00,       0.50,       3.00,       3.00,       3.00,       3.00,    1817.31,       0.00,       0.00,       0.00
 21,       9.00,      81.00,       1.00,       0.00,    3402.04,    3402.04,       9.00,      81.00,       0.00,       0.00,       9.00,       9.00,       9.00,       9.00,    1967.74,      61.22,      55.57,       0.00
 22,      17.00,     159.00,       2.00,       0.00,    4033.36,    7374.45,      17.00,     159.47,       0.00,       0.50,      17.00,      17.00,      17.00,      17.00,    1389.70,      30.81,     169.25,       0.00
 27,      76.00,     101.00,       1.00,       0.00,    3352.48,    3352.48,      76.00,     101.00,       0.00,       0.00,      76.00,      76.00,      76.00,      76.00,    1768.35,      57.43,      58.37,       0.00
 28,     101.00,     132.00,       1.00,       0.00,    3348.02,    3348.02,     101.00,     132.00,       0.00,       0.00,     101.00,     101.00,     101.00,     101.00,    1829.62,      23.83,     140.50,       0.00
 29,     291.00,     151.00,       1.00,       0.00,    5861.73,    5861.73,     291.00,     151.00,       0.00,       0.00,     291.00,     291.00,     185.00,     291.00,     454.89,      66.16,      88.59,       0.00
 30,     384.00,     157.00,       2.00,       0.00,    3703.43,    7420.10,     384.00,     157.50,       0.00,       0.50,     384.00,     384.00,     185.00,     384.00,    1375.34,      66.98,      78.34,       0.00
 31,     200.00,      53.00,       2.00,       0.00,    3299.44,    6196.65,     200.00,      53.48,       0.00,       0.50,     200.00,     200.00,     185.00,     200.00,    1815.76,      42.15,     103.95,       0.00
 33,     254.00,     152.00,       2.00,       0.00,    3694.43,    7000.48,     254.00,     151.52,       0.00,       0.50,     254.00,     254.00,     185.00,     254.00,    1638.77,       3.43,    1443.17,       0.00
 38,     288.00,      70.00,       1.00,       0.00,    3253.07,    3253.07,     288.00,      70.00,       0.00,       0.00,     288.00,     288.00,     185.00,     288.00,    1807.39,      72.60,      44.81,       0.00
 41,     296.00,     141.00,       1.00,       0.00,    3370.44,    3370.44,     296.00,     141.00,       0.00,       0.00,     296.00,     296.00,     185.00,     296.00,    1714.20,      20.42,     165.10,       0.00
 42,     298.00,     160.00,       1.00,       0.00,    3907.29,    3907.29,     298.00,     160.00,       0.00,       0.00,     298.00,     298.00,     185.00,     298.00,    1587.97,      19.46,     200.84,       0.00
 44,     319.00,     155.00,       1.00,       0.00,    3677.23,    3677.23,     319.00,     155.00,       0.00,       0.00,     319.00,     319.00,     185.00,     319.00,    1970.46,      40.40,      91.01,       0.00
 45,     324.00,       5.00,       2.00,       0.00,    3614.36,    7623.67,     324.00,       5.52,       0.00,       0.50,     324.00,     324.00,     185.00,     324.00,    1625.43,      55.16,      97.73,       0.00
 48,     338.00,     132.00,       2.00,       0.00,    3131.05,    6086.11,     338.00,     131.51,       0.00,       0.50,     338.00,     338.00,     185.00,     338.00,    1894.46,      13.09,     328.76,       0.00
 51,     359.00,     126.00,       1.00,       0.00,    3836.21,    3836.21,     359.00,     126.00,       0.00,       0.00,     359.00,     359.00,     185.00,     359.00,    1938.56,      17.02,     225.39,       0.00
 54,     368.00,      13.00,       1.00,       0.00,    3720.23,    3720.23,     368.00,      13.00,       0.00,       0.00,     368.00,     368.00,     185.00,     368.00,    1637.78,      73.79,      50.42,       0.00
 55,     374.00,      67.00,       1.00,       0.00,    3901.36,    3901.36,     374.00,      67.00,       0.00,       0.00,     374.00,     374.00,     185.00,     374.00,    1643.99,      48.48,      80.47,       0.00
 59,     384.00,     158.00,       2.00,       0.00,    4999.60,    9696.64,     384.00,     157.51,       0.00,       0.50,     384.00,     384.00,     185.00,     384.00,    1888.29,      59.48,     115.28,       0.00
 60,       3.00,      26.00,       2.00,       0.00,    3770.88,    7129.56,       3.00,      26.48,       0.00,       0.50,       3.00,       3.00,       3.00,       3.00,    2103.99,       0.00,       0.00,       0.00
 65,     166.00,     135.00,       1.00,       0.00,    3568.93,    3568.93,     166.00,     135.00,       0.00,       0.00,     166.00,     166.00,     166.00,     166.00,    1600.62,      29.10,     122.64,       0.00
 67,     387.00,     100.00,       1.00,       0.00,    4774.87,    4774.87,     387.00,     100.00,       0.00,       0.00,     387.00,     387.00,     185.00,     387.00,    1952.62,       0.00,       0.00,       0.00
