Seg  Row  Col  Npix      Amax      Atot   rcent   ccent rsigma  csigma rmin rmax cmin cmax    bkgd     rms     son
  9  165    9    47     205.2    2507.9   165.7     8.6   1.97    2.15  161  169    5   13   -1.40    2.20  166.57
  9  183   26    28     175.5    2339.0   183.0    26.2   1.00    2.46  181  184   22   30   -0.85    1.88  235.36
  9  184   35    30     231.8    1680.9   182.4    34.2   1.55    2.10  180  184   31   39    6.32    3.13   98.20
Seg  Row  Col  Npix      Amax      Atot   rcent   ccent rsigma  csigma rmin rmax cmin cmax    bkgd     rms     son
  1  183   46    30     212.1    1942.6   182.1    44.6   1.52    2.09  179  184   42   49   -2.40    3.60   98.52
  1  183   58    35     208.6    1970.7   182.4    58.0   1.43    2.14  179  184   54   62    1.00    0.58  570.53
  9  183   24    35     255.8    2119.4   181.6    23.6   1.59    2.05  179  184   20   28    1.27    1.85  193.63
  9  184   13    19     204.9    1246.9   183.2    14.4   1.17    1.74  180  184   12   17    1.33    0.55  516.28
Seg  Row  Col  Npix      Amax      Atot   rcent   ccent rsigma  csigma rmin rmax cmin cmax    bkgd     rms     son
  1  177   25     7     168.5     448.3   176.2    25.1   0.92    0.58  175  177   24   26    0.38    2.27   74.59
  1  182   31    29     226.7    1924.9   181.3    30.5   1.72    1.65  178  184   27   33   -2.70    2.78  128.63
  1  182   40    42     175.6    2662.7   181.9    39.8   1.62    2.16  178  184   36   44   -2.05    4.13   99.50
  1  182   51    26     152.7    1407.6   182.6    51.0   1.08    2.04  180  184   47   55   -0.71    2.52  109.54
Seg  Row  Col  Npix      Amax      Atot   rcent   ccent rsigma  csigma rmin rmax cmin cmax    bkgd     rms     son
  1  163   58    41     184.4    3006.5   163.3    56.6   2.42    1.70  159  167   54   60    1.95    3.95  119.00
  1  164   51    44     351.3    2648.4   164.1    51.1   2.58    1.61  160  168   47   54    2.47    6.04   66.11
  1  177   33    48     238.8    2527.1   177.8    33.7   2.33    2.28  173  181   29   37    3.26    4.01   90.93
  1  182   84    50     283.0    3388.0   181.4    83.6   1.58    2.43  178  184   80   88    1.55    5.03   95.35
  9  182   16    45     166.8    2283.1   181.8    16.2   1.76    2.18  178  184   12   20    2.91    3.61   94.27
  9  184   22    16     166.4    1100.4   183.2    23.5   1.12    1.97  180  184   21   26    0.37    0.35  783.13
Seg  Row  Col  Npix      Amax      Atot   rcent   ccent rsigma  csigma rmin rmax cmin cmax    bkgd     rms     son
